Label,Description,Text
Daisy,"Bellis perennis adalah spesies Eropa yang umum dari daisy, dari familia Asteraceae, sering dianggap sebagai spesies archetypal dari nama itu.
 
 Bellis perennis asli dari Eropa barat, tengah dan utara, tetapi secara luas dinaturalisasi di sebagian besar daerah yang beriklim sedang termasuk Amerika dan Australasia.
 
 Secara umum, bunga daisy telah lama dikaitkan dengan simbol ketulusan, kemurnian, kelahiran kembali, dan keceriaan",bunga warna putih
Daisy,"Bellis perennis adalah spesies Eropa yang umum dari daisy, dari familia Asteraceae, sering dianggap sebagai spesies archetypal dari nama itu.
 
 Bellis perennis asli dari Eropa barat, tengah dan utara, tetapi secara luas dinaturalisasi di sebagian besar daerah yang beriklim sedang termasuk Amerika dan Australasia.
 
 Secara umum, bunga daisy telah lama dikaitkan dengan simbol ketulusan, kemurnian, kelahiran kembali, dan keceriaan",bunga memiliki kelopak yang kecil
Daisy,"Bellis perennis adalah spesies Eropa yang umum dari daisy, dari familia Asteraceae, sering dianggap sebagai spesies archetypal dari nama itu.
 
 Bellis perennis asli dari Eropa barat, tengah dan utara, tetapi secara luas dinaturalisasi di sebagian besar daerah yang beriklim sedang termasuk Amerika dan Australasia.
 
 Secara umum, bunga daisy telah lama dikaitkan dengan simbol ketulusan, kemurnian, kelahiran kembali, dan keceriaan",bunga putih dan kuning
Daisy,"Bellis perennis adalah spesies Eropa yang umum dari daisy, dari familia Asteraceae, sering dianggap sebagai spesies archetypal dari nama itu.
 
 Bellis perennis asli dari Eropa barat, tengah dan utara, tetapi secara luas dinaturalisasi di sebagian besar daerah yang beriklim sedang termasuk Amerika dan Australasia.
 
 Secara umum, bunga daisy telah lama dikaitkan dengan simbol ketulusan, kemurnian, kelahiran kembali, dan keceriaan",bunga melingkari pusat kuning
Daisy,"Bellis perennis adalah spesies Eropa yang umum dari daisy, dari familia Asteraceae, sering dianggap sebagai spesies archetypal dari nama itu.
 
 Bellis perennis asli dari Eropa barat, tengah dan utara, tetapi secara luas dinaturalisasi di sebagian besar daerah yang beriklim sedang termasuk Amerika dan Australasia.
 
 Secara umum, bunga daisy telah lama dikaitkan dengan simbol ketulusan, kemurnian, kelahiran kembali, dan keceriaan",bunga ada lingkaran kuning
Daisy,"Bellis perennis adalah spesies Eropa yang umum dari daisy, dari familia Asteraceae, sering dianggap sebagai spesies archetypal dari nama itu.
 
 Bellis perennis asli dari Eropa barat, tengah dan utara, tetapi secara luas dinaturalisasi di sebagian besar daerah yang beriklim sedang termasuk Amerika dan Australasia.
 
 Secara umum, bunga daisy telah lama dikaitkan dengan simbol ketulusan, kemurnian, kelahiran kembali, dan keceriaan",bunga bisa Tumbuh di Mana Saja
Daisy,"Bellis perennis adalah spesies Eropa yang umum dari daisy, dari familia Asteraceae, sering dianggap sebagai spesies archetypal dari nama itu.
 
 Bellis perennis asli dari Eropa barat, tengah dan utara, tetapi secara luas dinaturalisasi di sebagian besar daerah yang beriklim sedang termasuk Amerika dan Australasia.
 
 Secara umum, bunga daisy telah lama dikaitkan dengan simbol ketulusan, kemurnian, kelahiran kembali, dan keceriaan",bunga memiki banyak Kegunaan
Daisy,"Bellis perennis adalah spesies Eropa yang umum dari daisy, dari familia Asteraceae, sering dianggap sebagai spesies archetypal dari nama itu.
 
 Bellis perennis asli dari Eropa barat, tengah dan utara, tetapi secara luas dinaturalisasi di sebagian besar daerah yang beriklim sedang termasuk Amerika dan Australasia.
 
 Secara umum, bunga daisy telah lama dikaitkan dengan simbol ketulusan, kemurnian, kelahiran kembali, dan keceriaan",bunga memiliki nama penuh arti
Daisy,"Bellis perennis adalah spesies Eropa yang umum dari daisy, dari familia Asteraceae, sering dianggap sebagai spesies archetypal dari nama itu.
 
 Bellis perennis asli dari Eropa barat, tengah dan utara, tetapi secara luas dinaturalisasi di sebagian besar daerah yang beriklim sedang termasuk Amerika dan Australasia.
 
 Secara umum, bunga daisy telah lama dikaitkan dengan simbol ketulusan, kemurnian, kelahiran kembali, dan keceriaan",bunga kesukaan Lebah
Daisy,"Bellis perennis adalah spesies Eropa yang umum dari daisy, dari familia Asteraceae, sering dianggap sebagai spesies archetypal dari nama itu.
 
 Bellis perennis asli dari Eropa barat, tengah dan utara, tetapi secara luas dinaturalisasi di sebagian besar daerah yang beriklim sedang termasuk Amerika dan Australasia.
 
 Secara umum, bunga daisy telah lama dikaitkan dengan simbol ketulusan, kemurnian, kelahiran kembali, dan keceriaan",bunga simbol Kesetiaan dan Kerendahan
Daisy,"Bellis perennis adalah spesies Eropa yang umum dari daisy, dari familia Asteraceae, sering dianggap sebagai spesies archetypal dari nama itu.
 
 Bellis perennis asli dari Eropa barat, tengah dan utara, tetapi secara luas dinaturalisasi di sebagian besar daerah yang beriklim sedang termasuk Amerika dan Australasia.
 
 Secara umum, bunga daisy telah lama dikaitkan dengan simbol ketulusan, kemurnian, kelahiran kembali, dan keceriaan",bunga simbol Kesetiaan
Daisy,"Bellis perennis adalah spesies Eropa yang umum dari daisy, dari familia Asteraceae, sering dianggap sebagai spesies archetypal dari nama itu.
 
 Bellis perennis asli dari Eropa barat, tengah dan utara, tetapi secara luas dinaturalisasi di sebagian besar daerah yang beriklim sedang termasuk Amerika dan Australasia.
 
 Secara umum, bunga daisy telah lama dikaitkan dengan simbol ketulusan, kemurnian, kelahiran kembali, dan keceriaan",bunga simbol Kerendahan
Daisy,"Bellis perennis adalah spesies Eropa yang umum dari daisy, dari familia Asteraceae, sering dianggap sebagai spesies archetypal dari nama itu.
 
 Bellis perennis asli dari Eropa barat, tengah dan utara, tetapi secara luas dinaturalisasi di sebagian besar daerah yang beriklim sedang termasuk Amerika dan Australasia.
 
 Secara umum, bunga daisy telah lama dikaitkan dengan simbol ketulusan, kemurnian, kelahiran kembali, dan keceriaan",bunga berwarna putih
Daisy,"Bellis perennis adalah spesies Eropa yang umum dari daisy, dari familia Asteraceae, sering dianggap sebagai spesies archetypal dari nama itu.
 
 Bellis perennis asli dari Eropa barat, tengah dan utara, tetapi secara luas dinaturalisasi di sebagian besar daerah yang beriklim sedang termasuk Amerika dan Australasia.
 
 Secara umum, bunga daisy telah lama dikaitkan dengan simbol ketulusan, kemurnian, kelahiran kembali, dan keceriaan",bunga Putih
Daisy,"Bellis perennis adalah spesies Eropa yang umum dari daisy, dari familia Asteraceae, sering dianggap sebagai spesies archetypal dari nama itu.
 
 Bellis perennis asli dari Eropa barat, tengah dan utara, tetapi secara luas dinaturalisasi di sebagian besar daerah yang beriklim sedang termasuk Amerika dan Australasia.
 
 Secara umum, bunga daisy telah lama dikaitkan dengan simbol ketulusan, kemurnian, kelahiran kembali, dan keceriaan",bunga nama film kartun
Daisy,"Bellis perennis adalah spesies Eropa yang umum dari daisy, dari familia Asteraceae, sering dianggap sebagai spesies archetypal dari nama itu.
 
 Bellis perennis asli dari Eropa barat, tengah dan utara, tetapi secara luas dinaturalisasi di sebagian besar daerah yang beriklim sedang termasuk Amerika dan Australasia.
 
 Secara umum, bunga daisy telah lama dikaitkan dengan simbol ketulusan, kemurnian, kelahiran kembali, dan keceriaan",bunga pacarnya donald bebek
Daisy,"Bellis perennis adalah spesies Eropa yang umum dari daisy, dari familia Asteraceae, sering dianggap sebagai spesies archetypal dari nama itu.
 
 Bellis perennis asli dari Eropa barat, tengah dan utara, tetapi secara luas dinaturalisasi di sebagian besar daerah yang beriklim sedang termasuk Amerika dan Australasia.
 
 Secara umum, bunga daisy telah lama dikaitkan dengan simbol ketulusan, kemurnian, kelahiran kembali, dan keceriaan",bunga yang mirip nama karakter di mickey mouse
Daisy,"Bellis perennis adalah spesies Eropa yang umum dari daisy, dari familia Asteraceae, sering dianggap sebagai spesies archetypal dari nama itu.
 
 Bellis perennis asli dari Eropa barat, tengah dan utara, tetapi secara luas dinaturalisasi di sebagian besar daerah yang beriklim sedang termasuk Amerika dan Australasia.
 
 Secara umum, bunga daisy telah lama dikaitkan dengan simbol ketulusan, kemurnian, kelahiran kembali, dan keceriaan",bunga donald bebek
Daisy,"Bellis perennis adalah spesies Eropa yang umum dari daisy, dari familia Asteraceae, sering dianggap sebagai spesies archetypal dari nama itu.
 
 Bellis perennis asli dari Eropa barat, tengah dan utara, tetapi secara luas dinaturalisasi di sebagian besar daerah yang beriklim sedang termasuk Amerika dan Australasia.
 
 Secara umum, bunga daisy telah lama dikaitkan dengan simbol ketulusan, kemurnian, kelahiran kembali, dan keceriaan",bunga nama bebek wanita
Daisy,"Bellis perennis adalah spesies Eropa yang umum dari daisy, dari familia Asteraceae, sering dianggap sebagai spesies archetypal dari nama itu.
 
 Bellis perennis asli dari Eropa barat, tengah dan utara, tetapi secara luas dinaturalisasi di sebagian besar daerah yang beriklim sedang termasuk Amerika dan Australasia.
 
 Secara umum, bunga daisy telah lama dikaitkan dengan simbol ketulusan, kemurnian, kelahiran kembali, dan keceriaan",bunga nama istri donald bebek
Daisy,"Bellis perennis adalah spesies Eropa yang umum dari daisy, dari familia Asteraceae, sering dianggap sebagai spesies archetypal dari nama itu.
 
 Bellis perennis asli dari Eropa barat, tengah dan utara, tetapi secara luas dinaturalisasi di sebagian besar daerah yang beriklim sedang termasuk Amerika dan Australasia.
 
 Secara umum, bunga daisy telah lama dikaitkan dengan simbol ketulusan, kemurnian, kelahiran kembali, dan keceriaan",bunga pasangan donald bebek
Tulips,"Tulip (bahasa Latin: Tulipa) merupakan nama genus untuk 100 spesies tumbuhan berbunga yang termasuk ke dalam keluarga Liliaceae. Tulip berasal dari Asia Tengah, tumbuh liar di kawasan pegunungan Pamir dan pegunungan Hindu Kush dan stepa di Kazakhstan. Negeri Belanda terkenal sebagai negeri bunga tulip. Tulip juga merupakan bunga nasional Iran dan Turki.",bunga memiliki gradasi warna
Tulips,"Tulip (bahasa Latin: Tulipa) merupakan nama genus untuk 100 spesies tumbuhan berbunga yang termasuk ke dalam keluarga Liliaceae. Tulip berasal dari Asia Tengah, tumbuh liar di kawasan pegunungan Pamir dan pegunungan Hindu Kush dan stepa di Kazakhstan. Negeri Belanda terkenal sebagai negeri bunga tulip. Tulip juga merupakan bunga nasional Iran dan Turki.",bunga tinggi antara 10-70cm
Tulips,"Tulip (bahasa Latin: Tulipa) merupakan nama genus untuk 100 spesies tumbuhan berbunga yang termasuk ke dalam keluarga Liliaceae. Tulip berasal dari Asia Tengah, tumbuh liar di kawasan pegunungan Pamir dan pegunungan Hindu Kush dan stepa di Kazakhstan. Negeri Belanda terkenal sebagai negeri bunga tulip. Tulip juga merupakan bunga nasional Iran dan Turki.",bunga daunya berlilin
Tulips,"Tulip (bahasa Latin: Tulipa) merupakan nama genus untuk 100 spesies tumbuhan berbunga yang termasuk ke dalam keluarga Liliaceae. Tulip berasal dari Asia Tengah, tumbuh liar di kawasan pegunungan Pamir dan pegunungan Hindu Kush dan stepa di Kazakhstan. Negeri Belanda terkenal sebagai negeri bunga tulip. Tulip juga merupakan bunga nasional Iran dan Turki.",bunga berbentuk sempit
Tulips,"Tulip (bahasa Latin: Tulipa) merupakan nama genus untuk 100 spesies tumbuhan berbunga yang termasuk ke dalam keluarga Liliaceae. Tulip berasal dari Asia Tengah, tumbuh liar di kawasan pegunungan Pamir dan pegunungan Hindu Kush dan stepa di Kazakhstan. Negeri Belanda terkenal sebagai negeri bunga tulip. Tulip juga merupakan bunga nasional Iran dan Turki.",bunga berwarna gradasi
Tulips,"Tulip (bahasa Latin: Tulipa) merupakan nama genus untuk 100 spesies tumbuhan berbunga yang termasuk ke dalam keluarga Liliaceae. Tulip berasal dari Asia Tengah, tumbuh liar di kawasan pegunungan Pamir dan pegunungan Hindu Kush dan stepa di Kazakhstan. Negeri Belanda terkenal sebagai negeri bunga tulip. Tulip juga merupakan bunga nasional Iran dan Turki.",bunga hidup di pegunungan
Tulips,"Tulip (bahasa Latin: Tulipa) merupakan nama genus untuk 100 spesies tumbuhan berbunga yang termasuk ke dalam keluarga Liliaceae. Tulip berasal dari Asia Tengah, tumbuh liar di kawasan pegunungan Pamir dan pegunungan Hindu Kush dan stepa di Kazakhstan. Negeri Belanda terkenal sebagai negeri bunga tulip. Tulip juga merupakan bunga nasional Iran dan Turki.",bunga hidup di asia timur
Tulips,"Tulip (bahasa Latin: Tulipa) merupakan nama genus untuk 100 spesies tumbuhan berbunga yang termasuk ke dalam keluarga Liliaceae. Tulip berasal dari Asia Tengah, tumbuh liar di kawasan pegunungan Pamir dan pegunungan Hindu Kush dan stepa di Kazakhstan. Negeri Belanda terkenal sebagai negeri bunga tulip. Tulip juga merupakan bunga nasional Iran dan Turki.",bunga banyak warna
Tulips,"Tulip (bahasa Latin: Tulipa) merupakan nama genus untuk 100 spesies tumbuhan berbunga yang termasuk ke dalam keluarga Liliaceae. Tulip berasal dari Asia Tengah, tumbuh liar di kawasan pegunungan Pamir dan pegunungan Hindu Kush dan stepa di Kazakhstan. Negeri Belanda terkenal sebagai negeri bunga tulip. Tulip juga merupakan bunga nasional Iran dan Turki.",bunga menghasilkan biji-biji
Tulips,"Tulip (bahasa Latin: Tulipa) merupakan nama genus untuk 100 spesies tumbuhan berbunga yang termasuk ke dalam keluarga Liliaceae. Tulip berasal dari Asia Tengah, tumbuh liar di kawasan pegunungan Pamir dan pegunungan Hindu Kush dan stepa di Kazakhstan. Negeri Belanda terkenal sebagai negeri bunga tulip. Tulip juga merupakan bunga nasional Iran dan Turki.",bunga ada kapsul kering
Tulips,"Tulip (bahasa Latin: Tulipa) merupakan nama genus untuk 100 spesies tumbuhan berbunga yang termasuk ke dalam keluarga Liliaceae. Tulip berasal dari Asia Tengah, tumbuh liar di kawasan pegunungan Pamir dan pegunungan Hindu Kush dan stepa di Kazakhstan. Negeri Belanda terkenal sebagai negeri bunga tulip. Tulip juga merupakan bunga nasional Iran dan Turki.",bunga kelopak bunganya kering
Dandelion,"Dandelion (Taraxacum) adalah genus besar dalam keluarga Asteraceae. Nama Randa Tapak sendiri biasanya merujuk kepada sebuah tumbuhan yang memiliki ""bunga-bunga"" kecil yang dapat terbang ketika tertiup angin. Asal asli dari tumbuhan ini adalah Eropa dan Asia, tetapi sudah menyebar ke segala tempat. Yang disebut sebagai ""bunga"" dari tumbuhan ini dapat menjadi semacam jam hayati yang secara teratur melepaskan banyak bijinya. Biji-biji ini sesungguhnya adalah buahnya.",bunga taraxacum
Dandelion,"Dandelion (Taraxacum) adalah genus besar dalam keluarga Asteraceae. Nama Randa Tapak sendiri biasanya merujuk kepada sebuah tumbuhan yang memiliki ""bunga-bunga"" kecil yang dapat terbang ketika tertiup angin. Asal asli dari tumbuhan ini adalah Eropa dan Asia, tetapi sudah menyebar ke segala tempat. Yang disebut sebagai ""bunga"" dari tumbuhan ini dapat menjadi semacam jam hayati yang secara teratur melepaskan banyak bijinya. Biji-biji ini sesungguhnya adalah buahnya.",bunga randa tapak
Dandelion,"Dandelion (Taraxacum) adalah genus besar dalam keluarga Asteraceae. Nama Randa Tapak sendiri biasanya merujuk kepada sebuah tumbuhan yang memiliki ""bunga-bunga"" kecil yang dapat terbang ketika tertiup angin. Asal asli dari tumbuhan ini adalah Eropa dan Asia, tetapi sudah menyebar ke segala tempat. Yang disebut sebagai ""bunga"" dari tumbuhan ini dapat menjadi semacam jam hayati yang secara teratur melepaskan banyak bijinya. Biji-biji ini sesungguhnya adalah buahnya.",bunga cinta yang murni
Dandelion,"Dandelion (Taraxacum) adalah genus besar dalam keluarga Asteraceae. Nama Randa Tapak sendiri biasanya merujuk kepada sebuah tumbuhan yang memiliki ""bunga-bunga"" kecil yang dapat terbang ketika tertiup angin. Asal asli dari tumbuhan ini adalah Eropa dan Asia, tetapi sudah menyebar ke segala tempat. Yang disebut sebagai ""bunga"" dari tumbuhan ini dapat menjadi semacam jam hayati yang secara teratur melepaskan banyak bijinya. Biji-biji ini sesungguhnya adalah buahnya.",bunga pengambilan keputusan
Dandelion,"Dandelion (Taraxacum) adalah genus besar dalam keluarga Asteraceae. Nama Randa Tapak sendiri biasanya merujuk kepada sebuah tumbuhan yang memiliki ""bunga-bunga"" kecil yang dapat terbang ketika tertiup angin. Asal asli dari tumbuhan ini adalah Eropa dan Asia, tetapi sudah menyebar ke segala tempat. Yang disebut sebagai ""bunga"" dari tumbuhan ini dapat menjadi semacam jam hayati yang secara teratur melepaskan banyak bijinya. Biji-biji ini sesungguhnya adalah buahnya.",bunga persahabatan sejati
Dandelion,"Dandelion (Taraxacum) adalah genus besar dalam keluarga Asteraceae. Nama Randa Tapak sendiri biasanya merujuk kepada sebuah tumbuhan yang memiliki ""bunga-bunga"" kecil yang dapat terbang ketika tertiup angin. Asal asli dari tumbuhan ini adalah Eropa dan Asia, tetapi sudah menyebar ke segala tempat. Yang disebut sebagai ""bunga"" dari tumbuhan ini dapat menjadi semacam jam hayati yang secara teratur melepaskan banyak bijinya. Biji-biji ini sesungguhnya adalah buahnya.",bunga bentuk sindiran
Dandelion,"Dandelion (Taraxacum) adalah genus besar dalam keluarga Asteraceae. Nama Randa Tapak sendiri biasanya merujuk kepada sebuah tumbuhan yang memiliki ""bunga-bunga"" kecil yang dapat terbang ketika tertiup angin. Asal asli dari tumbuhan ini adalah Eropa dan Asia, tetapi sudah menyebar ke segala tempat. Yang disebut sebagai ""bunga"" dari tumbuhan ini dapat menjadi semacam jam hayati yang secara teratur melepaskan banyak bijinya. Biji-biji ini sesungguhnya adalah buahnya.",bunga yang optimis
Dandelion,"Dandelion (Taraxacum) adalah genus besar dalam keluarga Asteraceae. Nama Randa Tapak sendiri biasanya merujuk kepada sebuah tumbuhan yang memiliki ""bunga-bunga"" kecil yang dapat terbang ketika tertiup angin. Asal asli dari tumbuhan ini adalah Eropa dan Asia, tetapi sudah menyebar ke segala tempat. Yang disebut sebagai ""bunga"" dari tumbuhan ini dapat menjadi semacam jam hayati yang secara teratur melepaskan banyak bijinya. Biji-biji ini sesungguhnya adalah buahnya.",bunga yang kuat menghadapi hidup
Dandelion,"Dandelion (Taraxacum) adalah genus besar dalam keluarga Asteraceae. Nama Randa Tapak sendiri biasanya merujuk kepada sebuah tumbuhan yang memiliki ""bunga-bunga"" kecil yang dapat terbang ketika tertiup angin. Asal asli dari tumbuhan ini adalah Eropa dan Asia, tetapi sudah menyebar ke segala tempat. Yang disebut sebagai ""bunga"" dari tumbuhan ini dapat menjadi semacam jam hayati yang secara teratur melepaskan banyak bijinya. Biji-biji ini sesungguhnya adalah buahnya.",bunga bersikap pemberani
Dandelion,"Dandelion (Taraxacum) adalah genus besar dalam keluarga Asteraceae. Nama Randa Tapak sendiri biasanya merujuk kepada sebuah tumbuhan yang memiliki ""bunga-bunga"" kecil yang dapat terbang ketika tertiup angin. Asal asli dari tumbuhan ini adalah Eropa dan Asia, tetapi sudah menyebar ke segala tempat. Yang disebut sebagai ""bunga"" dari tumbuhan ini dapat menjadi semacam jam hayati yang secara teratur melepaskan banyak bijinya. Biji-biji ini sesungguhnya adalah buahnya.",bunga mudah beradaptasi
Dandelion,"Dandelion (Taraxacum) adalah genus besar dalam keluarga Asteraceae. Nama Randa Tapak sendiri biasanya merujuk kepada sebuah tumbuhan yang memiliki ""bunga-bunga"" kecil yang dapat terbang ketika tertiup angin. Asal asli dari tumbuhan ini adalah Eropa dan Asia, tetapi sudah menyebar ke segala tempat. Yang disebut sebagai ""bunga"" dari tumbuhan ini dapat menjadi semacam jam hayati yang secara teratur melepaskan banyak bijinya. Biji-biji ini sesungguhnya adalah buahnya.",bunga yang tinggi
Dandelion,"Dandelion (Taraxacum) adalah genus besar dalam keluarga Asteraceae. Nama Randa Tapak sendiri biasanya merujuk kepada sebuah tumbuhan yang memiliki ""bunga-bunga"" kecil yang dapat terbang ketika tertiup angin. Asal asli dari tumbuhan ini adalah Eropa dan Asia, tetapi sudah menyebar ke segala tempat. Yang disebut sebagai ""bunga"" dari tumbuhan ini dapat menjadi semacam jam hayati yang secara teratur melepaskan banyak bijinya. Biji-biji ini sesungguhnya adalah buahnya.",tangkainya tinggi
Dandelion,"Dandelion (Taraxacum) adalah genus besar dalam keluarga Asteraceae. Nama Randa Tapak sendiri biasanya merujuk kepada sebuah tumbuhan yang memiliki ""bunga-bunga"" kecil yang dapat terbang ketika tertiup angin. Asal asli dari tumbuhan ini adalah Eropa dan Asia, tetapi sudah menyebar ke segala tempat. Yang disebut sebagai ""bunga"" dari tumbuhan ini dapat menjadi semacam jam hayati yang secara teratur melepaskan banyak bijinya. Biji-biji ini sesungguhnya adalah buahnya.",bunga yang daunnya seperti kapas
Dandelion,"Dandelion (Taraxacum) adalah genus besar dalam keluarga Asteraceae. Nama Randa Tapak sendiri biasanya merujuk kepada sebuah tumbuhan yang memiliki ""bunga-bunga"" kecil yang dapat terbang ketika tertiup angin. Asal asli dari tumbuhan ini adalah Eropa dan Asia, tetapi sudah menyebar ke segala tempat. Yang disebut sebagai ""bunga"" dari tumbuhan ini dapat menjadi semacam jam hayati yang secara teratur melepaskan banyak bijinya. Biji-biji ini sesungguhnya adalah buahnya.",bunga kapas
Dandelion,"Dandelion (Taraxacum) adalah genus besar dalam keluarga Asteraceae. Nama Randa Tapak sendiri biasanya merujuk kepada sebuah tumbuhan yang memiliki ""bunga-bunga"" kecil yang dapat terbang ketika tertiup angin. Asal asli dari tumbuhan ini adalah Eropa dan Asia, tetapi sudah menyebar ke segala tempat. Yang disebut sebagai ""bunga"" dari tumbuhan ini dapat menjadi semacam jam hayati yang secara teratur melepaskan banyak bijinya. Biji-biji ini sesungguhnya adalah buahnya.",bunga debu
Dandelion,"Dandelion (Taraxacum) adalah genus besar dalam keluarga Asteraceae. Nama Randa Tapak sendiri biasanya merujuk kepada sebuah tumbuhan yang memiliki ""bunga-bunga"" kecil yang dapat terbang ketika tertiup angin. Asal asli dari tumbuhan ini adalah Eropa dan Asia, tetapi sudah menyebar ke segala tempat. Yang disebut sebagai ""bunga"" dari tumbuhan ini dapat menjadi semacam jam hayati yang secara teratur melepaskan banyak bijinya. Biji-biji ini sesungguhnya adalah buahnya.",bunga yang biasa orang tiup
Dandelion,"Dandelion (Taraxacum) adalah genus besar dalam keluarga Asteraceae. Nama Randa Tapak sendiri biasanya merujuk kepada sebuah tumbuhan yang memiliki ""bunga-bunga"" kecil yang dapat terbang ketika tertiup angin. Asal asli dari tumbuhan ini adalah Eropa dan Asia, tetapi sudah menyebar ke segala tempat. Yang disebut sebagai ""bunga"" dari tumbuhan ini dapat menjadi semacam jam hayati yang secara teratur melepaskan banyak bijinya. Biji-biji ini sesungguhnya adalah buahnya.",bunga yang banyak di film
Dandelion,"Dandelion (Taraxacum) adalah genus besar dalam keluarga Asteraceae. Nama Randa Tapak sendiri biasanya merujuk kepada sebuah tumbuhan yang memiliki ""bunga-bunga"" kecil yang dapat terbang ketika tertiup angin. Asal asli dari tumbuhan ini adalah Eropa dan Asia, tetapi sudah menyebar ke segala tempat. Yang disebut sebagai ""bunga"" dari tumbuhan ini dapat menjadi semacam jam hayati yang secara teratur melepaskan banyak bijinya. Biji-biji ini sesungguhnya adalah buahnya.",bunga bisa terbang
Dandelion,"Dandelion (Taraxacum) adalah genus besar dalam keluarga Asteraceae. Nama Randa Tapak sendiri biasanya merujuk kepada sebuah tumbuhan yang memiliki ""bunga-bunga"" kecil yang dapat terbang ketika tertiup angin. Asal asli dari tumbuhan ini adalah Eropa dan Asia, tetapi sudah menyebar ke segala tempat. Yang disebut sebagai ""bunga"" dari tumbuhan ini dapat menjadi semacam jam hayati yang secara teratur melepaskan banyak bijinya. Biji-biji ini sesungguhnya adalah buahnya.",bunga kena angin terbang
Dandelion,"Dandelion (Taraxacum) adalah genus besar dalam keluarga Asteraceae. Nama Randa Tapak sendiri biasanya merujuk kepada sebuah tumbuhan yang memiliki ""bunga-bunga"" kecil yang dapat terbang ketika tertiup angin. Asal asli dari tumbuhan ini adalah Eropa dan Asia, tetapi sudah menyebar ke segala tempat. Yang disebut sebagai ""bunga"" dari tumbuhan ini dapat menjadi semacam jam hayati yang secara teratur melepaskan banyak bijinya. Biji-biji ini sesungguhnya adalah buahnya.",bunga bulat
Dandelion,"Dandelion (Taraxacum) adalah genus besar dalam keluarga Asteraceae. Nama Randa Tapak sendiri biasanya merujuk kepada sebuah tumbuhan yang memiliki ""bunga-bunga"" kecil yang dapat terbang ketika tertiup angin. Asal asli dari tumbuhan ini adalah Eropa dan Asia, tetapi sudah menyebar ke segala tempat. Yang disebut sebagai ""bunga"" dari tumbuhan ini dapat menjadi semacam jam hayati yang secara teratur melepaskan banyak bijinya. Biji-biji ini sesungguhnya adalah buahnya.",bunga putih kapas
Dandelion,"Dandelion (Taraxacum) adalah genus besar dalam keluarga Asteraceae. Nama Randa Tapak sendiri biasanya merujuk kepada sebuah tumbuhan yang memiliki ""bunga-bunga"" kecil yang dapat terbang ketika tertiup angin. Asal asli dari tumbuhan ini adalah Eropa dan Asia, tetapi sudah menyebar ke segala tempat. Yang disebut sebagai ""bunga"" dari tumbuhan ini dapat menjadi semacam jam hayati yang secara teratur melepaskan banyak bijinya. Biji-biji ini sesungguhnya adalah buahnya.",bunga kering
Dandelion,"Dandelion (Taraxacum) adalah genus besar dalam keluarga Asteraceae. Nama Randa Tapak sendiri biasanya merujuk kepada sebuah tumbuhan yang memiliki ""bunga-bunga"" kecil yang dapat terbang ketika tertiup angin. Asal asli dari tumbuhan ini adalah Eropa dan Asia, tetapi sudah menyebar ke segala tempat. Yang disebut sebagai ""bunga"" dari tumbuhan ini dapat menjadi semacam jam hayati yang secara teratur melepaskan banyak bijinya. Biji-biji ini sesungguhnya adalah buahnya.",bunga berbulu
Dandelion,"Dandelion (Taraxacum) adalah genus besar dalam keluarga Asteraceae. Nama Randa Tapak sendiri biasanya merujuk kepada sebuah tumbuhan yang memiliki ""bunga-bunga"" kecil yang dapat terbang ketika tertiup angin. Asal asli dari tumbuhan ini adalah Eropa dan Asia, tetapi sudah menyebar ke segala tempat. Yang disebut sebagai ""bunga"" dari tumbuhan ini dapat menjadi semacam jam hayati yang secara teratur melepaskan banyak bijinya. Biji-biji ini sesungguhnya adalah buahnya.",bunga berbentuk mungil
Roses,"Roses / rose adalah tumbuhan perdu, pohonnya berduri, bunganya berbau wangi dan berwarna indah, terdiri atas daun bunga yang bersusun:meliputi jenis, tumbuh tegak atau memanjat, batangnya berduri, bunganya beraneka warna, seperti merah, putih, merah jambu, merah tua, dan berbau harum.[1] Mawar liar terdiri dari 100 spesies lebih, kebanyakan tumbuh di belahan bumi utara yang berudara sejuk. Spesies ini umumnya merupakan tanaman semak yang berduri atau tanaman memanjat yang tingginya bisa mencapai 2 sampai 5 meter. Walaupun jarang ditemui, tinggi tanaman mawar yang merambat di tanaman lain bisa mencapai 20 meter.",bunga mawar
Roses,"Roses / rose adalah tumbuhan perdu, pohonnya berduri, bunganya berbau wangi dan berwarna indah, terdiri atas daun bunga yang bersusun:meliputi jenis, tumbuh tegak atau memanjat, batangnya berduri, bunganya beraneka warna, seperti merah, putih, merah jambu, merah tua, dan berbau harum.[1] Mawar liar terdiri dari 100 spesies lebih, kebanyakan tumbuh di belahan bumi utara yang berudara sejuk. Spesies ini umumnya merupakan tanaman semak yang berduri atau tanaman memanjat yang tingginya bisa mencapai 2 sampai 5 meter. Walaupun jarang ditemui, tinggi tanaman mawar yang merambat di tanaman lain bisa mencapai 20 meter.",bunga roses
Roses,"Roses / rose adalah tumbuhan perdu, pohonnya berduri, bunganya berbau wangi dan berwarna indah, terdiri atas daun bunga yang bersusun:meliputi jenis, tumbuh tegak atau memanjat, batangnya berduri, bunganya beraneka warna, seperti merah, putih, merah jambu, merah tua, dan berbau harum.[1] Mawar liar terdiri dari 100 spesies lebih, kebanyakan tumbuh di belahan bumi utara yang berudara sejuk. Spesies ini umumnya merupakan tanaman semak yang berduri atau tanaman memanjat yang tingginya bisa mencapai 2 sampai 5 meter. Walaupun jarang ditemui, tinggi tanaman mawar yang merambat di tanaman lain bisa mencapai 20 meter.",bunga rose
Roses,"Roses / rose adalah tumbuhan perdu, pohonnya berduri, bunganya berbau wangi dan berwarna indah, terdiri atas daun bunga yang bersusun:meliputi jenis, tumbuh tegak atau memanjat, batangnya berduri, bunganya beraneka warna, seperti merah, putih, merah jambu, merah tua, dan berbau harum.[1] Mawar liar terdiri dari 100 spesies lebih, kebanyakan tumbuh di belahan bumi utara yang berudara sejuk. Spesies ini umumnya merupakan tanaman semak yang berduri atau tanaman memanjat yang tingginya bisa mencapai 2 sampai 5 meter. Walaupun jarang ditemui, tinggi tanaman mawar yang merambat di tanaman lain bisa mencapai 20 meter.",bunga merah
Roses,"Roses / rose adalah tumbuhan perdu, pohonnya berduri, bunganya berbau wangi dan berwarna indah, terdiri atas daun bunga yang bersusun:meliputi jenis, tumbuh tegak atau memanjat, batangnya berduri, bunganya beraneka warna, seperti merah, putih, merah jambu, merah tua, dan berbau harum.[1] Mawar liar terdiri dari 100 spesies lebih, kebanyakan tumbuh di belahan bumi utara yang berudara sejuk. Spesies ini umumnya merupakan tanaman semak yang berduri atau tanaman memanjat yang tingginya bisa mencapai 2 sampai 5 meter. Walaupun jarang ditemui, tinggi tanaman mawar yang merambat di tanaman lain bisa mencapai 20 meter.",bunga tangkai berduri
Roses,"Roses / rose adalah tumbuhan perdu, pohonnya berduri, bunganya berbau wangi dan berwarna indah, terdiri atas daun bunga yang bersusun:meliputi jenis, tumbuh tegak atau memanjat, batangnya berduri, bunganya beraneka warna, seperti merah, putih, merah jambu, merah tua, dan berbau harum.[1] Mawar liar terdiri dari 100 spesies lebih, kebanyakan tumbuh di belahan bumi utara yang berudara sejuk. Spesies ini umumnya merupakan tanaman semak yang berduri atau tanaman memanjat yang tingginya bisa mencapai 2 sampai 5 meter. Walaupun jarang ditemui, tinggi tanaman mawar yang merambat di tanaman lain bisa mencapai 20 meter.",bunga kelopak merah
Roses,"Roses / rose adalah tumbuhan perdu, pohonnya berduri, bunganya berbau wangi dan berwarna indah, terdiri atas daun bunga yang bersusun:meliputi jenis, tumbuh tegak atau memanjat, batangnya berduri, bunganya beraneka warna, seperti merah, putih, merah jambu, merah tua, dan berbau harum.[1] Mawar liar terdiri dari 100 spesies lebih, kebanyakan tumbuh di belahan bumi utara yang berudara sejuk. Spesies ini umumnya merupakan tanaman semak yang berduri atau tanaman memanjat yang tingginya bisa mencapai 2 sampai 5 meter. Walaupun jarang ditemui, tinggi tanaman mawar yang merambat di tanaman lain bisa mencapai 20 meter.",bunga yang terkenal
Roses,"Roses / rose adalah tumbuhan perdu, pohonnya berduri, bunganya berbau wangi dan berwarna indah, terdiri atas daun bunga yang bersusun:meliputi jenis, tumbuh tegak atau memanjat, batangnya berduri, bunganya beraneka warna, seperti merah, putih, merah jambu, merah tua, dan berbau harum.[1] Mawar liar terdiri dari 100 spesies lebih, kebanyakan tumbuh di belahan bumi utara yang berudara sejuk. Spesies ini umumnya merupakan tanaman semak yang berduri atau tanaman memanjat yang tingginya bisa mencapai 2 sampai 5 meter. Walaupun jarang ditemui, tinggi tanaman mawar yang merambat di tanaman lain bisa mencapai 20 meter.",bunga yang biasa dijadikan l lagu
Roses,"Roses / rose adalah tumbuhan perdu, pohonnya berduri, bunganya berbau wangi dan berwarna indah, terdiri atas daun bunga yang bersusun:meliputi jenis, tumbuh tegak atau memanjat, batangnya berduri, bunganya beraneka warna, seperti merah, putih, merah jambu, merah tua, dan berbau harum.[1] Mawar liar terdiri dari 100 spesies lebih, kebanyakan tumbuh di belahan bumi utara yang berudara sejuk. Spesies ini umumnya merupakan tanaman semak yang berduri atau tanaman memanjat yang tingginya bisa mencapai 2 sampai 5 meter. Walaupun jarang ditemui, tinggi tanaman mawar yang merambat di tanaman lain bisa mencapai 20 meter.",bunga melambangkan cinta
Roses,"Roses / rose adalah tumbuhan perdu, pohonnya berduri, bunganya berbau wangi dan berwarna indah, terdiri atas daun bunga yang bersusun:meliputi jenis, tumbuh tegak atau memanjat, batangnya berduri, bunganya beraneka warna, seperti merah, putih, merah jambu, merah tua, dan berbau harum.[1] Mawar liar terdiri dari 100 spesies lebih, kebanyakan tumbuh di belahan bumi utara yang berudara sejuk. Spesies ini umumnya merupakan tanaman semak yang berduri atau tanaman memanjat yang tingginya bisa mencapai 2 sampai 5 meter. Walaupun jarang ditemui, tinggi tanaman mawar yang merambat di tanaman lain bisa mencapai 20 meter.",bunga yang biasa di kasih untuk cewek
Roses,"Roses / rose adalah tumbuhan perdu, pohonnya berduri, bunganya berbau wangi dan berwarna indah, terdiri atas daun bunga yang bersusun:meliputi jenis, tumbuh tegak atau memanjat, batangnya berduri, bunganya beraneka warna, seperti merah, putih, merah jambu, merah tua, dan berbau harum.[1] Mawar liar terdiri dari 100 spesies lebih, kebanyakan tumbuh di belahan bumi utara yang berudara sejuk. Spesies ini umumnya merupakan tanaman semak yang berduri atau tanaman memanjat yang tingginya bisa mencapai 2 sampai 5 meter. Walaupun jarang ditemui, tinggi tanaman mawar yang merambat di tanaman lain bisa mencapai 20 meter.",bunga merah yang baunya wangi
Roses,"Roses / rose adalah tumbuhan perdu, pohonnya berduri, bunganya berbau wangi dan berwarna indah, terdiri atas daun bunga yang bersusun:meliputi jenis, tumbuh tegak atau memanjat, batangnya berduri, bunganya beraneka warna, seperti merah, putih, merah jambu, merah tua, dan berbau harum.[1] Mawar liar terdiri dari 100 spesies lebih, kebanyakan tumbuh di belahan bumi utara yang berudara sejuk. Spesies ini umumnya merupakan tanaman semak yang berduri atau tanaman memanjat yang tingginya bisa mencapai 2 sampai 5 meter. Walaupun jarang ditemui, tinggi tanaman mawar yang merambat di tanaman lain bisa mencapai 20 meter.",bunga merah yang batang nya berduri
Roses,"Roses / rose adalah tumbuhan perdu, pohonnya berduri, bunganya berbau wangi dan berwarna indah, terdiri atas daun bunga yang bersusun:meliputi jenis, tumbuh tegak atau memanjat, batangnya berduri, bunganya beraneka warna, seperti merah, putih, merah jambu, merah tua, dan berbau harum.[1] Mawar liar terdiri dari 100 spesies lebih, kebanyakan tumbuh di belahan bumi utara yang berudara sejuk. Spesies ini umumnya merupakan tanaman semak yang berduri atau tanaman memanjat yang tingginya bisa mencapai 2 sampai 5 meter. Walaupun jarang ditemui, tinggi tanaman mawar yang merambat di tanaman lain bisa mencapai 20 meter.",bunga  yang biasa di jadikan buat hadiah
Roses,"Roses / rose adalah tumbuhan perdu, pohonnya berduri, bunganya berbau wangi dan berwarna indah, terdiri atas daun bunga yang bersusun:meliputi jenis, tumbuh tegak atau memanjat, batangnya berduri, bunganya beraneka warna, seperti merah, putih, merah jambu, merah tua, dan berbau harum.[1] Mawar liar terdiri dari 100 spesies lebih, kebanyakan tumbuh di belahan bumi utara yang berudara sejuk. Spesies ini umumnya merupakan tanaman semak yang berduri atau tanaman memanjat yang tingginya bisa mencapai 2 sampai 5 meter. Walaupun jarang ditemui, tinggi tanaman mawar yang merambat di tanaman lain bisa mencapai 20 meter.",bunga yang ada di ending anime kekkai sensen s1
Roses,"Roses / rose adalah tumbuhan perdu, pohonnya berduri, bunganya berbau wangi dan berwarna indah, terdiri atas daun bunga yang bersusun:meliputi jenis, tumbuh tegak atau memanjat, batangnya berduri, bunganya beraneka warna, seperti merah, putih, merah jambu, merah tua, dan berbau harum.[1] Mawar liar terdiri dari 100 spesies lebih, kebanyakan tumbuh di belahan bumi utara yang berudara sejuk. Spesies ini umumnya merupakan tanaman semak yang berduri atau tanaman memanjat yang tingginya bisa mencapai 2 sampai 5 meter. Walaupun jarang ditemui, tinggi tanaman mawar yang merambat di tanaman lain bisa mencapai 20 meter.",bunga yang biasa di kasih pas valentine
Roses,"Roses / rose adalah tumbuhan perdu, pohonnya berduri, bunganya berbau wangi dan berwarna indah, terdiri atas daun bunga yang bersusun:meliputi jenis, tumbuh tegak atau memanjat, batangnya berduri, bunganya beraneka warna, seperti merah, putih, merah jambu, merah tua, dan berbau harum.[1] Mawar liar terdiri dari 100 spesies lebih, kebanyakan tumbuh di belahan bumi utara yang berudara sejuk. Spesies ini umumnya merupakan tanaman semak yang berduri atau tanaman memanjat yang tingginya bisa mencapai 2 sampai 5 meter. Walaupun jarang ditemui, tinggi tanaman mawar yang merambat di tanaman lain bisa mencapai 20 meter.",bunga yang biasa di pake foto sama cewek
Sunflower,"Bunga matahari (Helianthus annuus L.) adalah tumbuhan semusim dari suku kenikir-kenikiran (Asteraceae) yang populer, baik sebagai tanaman hias maupun tanaman penghasil minyak. Bunga tumbuhan ini sangat khas: besar, biasanya berwarna kuning terang, dengan kepala bunga yang besar (diameter bisa mencapai 30 cm).[1] Bunga ini sebetulnya adalah bunga majemuk, tersusun dari ratusan hingga ribuan bunga kecil pada satu bongkol. Bunga Matahari juga memiliki perilaku khas, yaitu bunganya selalu menghadap / condong ke arah matahari atau heliotropisme. Orang Prancis menyebutnya tournesol atau ""pengelana Matahari"". Namun, sifat ini disingkirkan pada berbagai kultivar baru untuk produksi minyak karena memakan banyak energi dan mengurangi hasil.",bunga warna kuning
Sunflower,"Bunga matahari (Helianthus annuus L.) adalah tumbuhan semusim dari suku kenikir-kenikiran (Asteraceae) yang populer, baik sebagai tanaman hias maupun tanaman penghasil minyak. Bunga tumbuhan ini sangat khas: besar, biasanya berwarna kuning terang, dengan kepala bunga yang besar (diameter bisa mencapai 30 cm).[1] Bunga ini sebetulnya adalah bunga majemuk, tersusun dari ratusan hingga ribuan bunga kecil pada satu bongkol. Bunga Matahari juga memiliki perilaku khas, yaitu bunganya selalu menghadap / condong ke arah matahari atau heliotropisme. Orang Prancis menyebutnya tournesol atau ""pengelana Matahari"". Namun, sifat ini disingkirkan pada berbagai kultivar baru untuk produksi minyak karena memakan banyak energi dan mengurangi hasil.",bunga yang jdi judul lagu spiderman
Sunflower,"Bunga matahari (Helianthus annuus L.) adalah tumbuhan semusim dari suku kenikir-kenikiran (Asteraceae) yang populer, baik sebagai tanaman hias maupun tanaman penghasil minyak. Bunga tumbuhan ini sangat khas: besar, biasanya berwarna kuning terang, dengan kepala bunga yang besar (diameter bisa mencapai 30 cm).[1] Bunga ini sebetulnya adalah bunga majemuk, tersusun dari ratusan hingga ribuan bunga kecil pada satu bongkol. Bunga Matahari juga memiliki perilaku khas, yaitu bunganya selalu menghadap / condong ke arah matahari atau heliotropisme. Orang Prancis menyebutnya tournesol atau ""pengelana Matahari"". Namun, sifat ini disingkirkan pada berbagai kultivar baru untuk produksi minyak karena memakan banyak energi dan mengurangi hasil.",bunga kuaci
Sunflower,"Bunga matahari (Helianthus annuus L.) adalah tumbuhan semusim dari suku kenikir-kenikiran (Asteraceae) yang populer, baik sebagai tanaman hias maupun tanaman penghasil minyak. Bunga tumbuhan ini sangat khas: besar, biasanya berwarna kuning terang, dengan kepala bunga yang besar (diameter bisa mencapai 30 cm).[1] Bunga ini sebetulnya adalah bunga majemuk, tersusun dari ratusan hingga ribuan bunga kecil pada satu bongkol. Bunga Matahari juga memiliki perilaku khas, yaitu bunganya selalu menghadap / condong ke arah matahari atau heliotropisme. Orang Prancis menyebutnya tournesol atau ""pengelana Matahari"". Namun, sifat ini disingkirkan pada berbagai kultivar baru untuk produksi minyak karena memakan banyak energi dan mengurangi hasil.",bunga hamtaro
Sunflower,"Bunga matahari (Helianthus annuus L.) adalah tumbuhan semusim dari suku kenikir-kenikiran (Asteraceae) yang populer, baik sebagai tanaman hias maupun tanaman penghasil minyak. Bunga tumbuhan ini sangat khas: besar, biasanya berwarna kuning terang, dengan kepala bunga yang besar (diameter bisa mencapai 30 cm).[1] Bunga ini sebetulnya adalah bunga majemuk, tersusun dari ratusan hingga ribuan bunga kecil pada satu bongkol. Bunga Matahari juga memiliki perilaku khas, yaitu bunganya selalu menghadap / condong ke arah matahari atau heliotropisme. Orang Prancis menyebutnya tournesol atau ""pengelana Matahari"". Namun, sifat ini disingkirkan pada berbagai kultivar baru untuk produksi minyak karena memakan banyak energi dan mengurangi hasil.",bunga yang biji nya jadi makanan
Sunflower,"Bunga matahari (Helianthus annuus L.) adalah tumbuhan semusim dari suku kenikir-kenikiran (Asteraceae) yang populer, baik sebagai tanaman hias maupun tanaman penghasil minyak. Bunga tumbuhan ini sangat khas: besar, biasanya berwarna kuning terang, dengan kepala bunga yang besar (diameter bisa mencapai 30 cm).[1] Bunga ini sebetulnya adalah bunga majemuk, tersusun dari ratusan hingga ribuan bunga kecil pada satu bongkol. Bunga Matahari juga memiliki perilaku khas, yaitu bunganya selalu menghadap / condong ke arah matahari atau heliotropisme. Orang Prancis menyebutnya tournesol atau ""pengelana Matahari"". Namun, sifat ini disingkirkan pada berbagai kultivar baru untuk produksi minyak karena memakan banyak energi dan mengurangi hasil.",bunga yang kelopaknya warna kuning
Sunflower,"Bunga matahari (Helianthus annuus L.) adalah tumbuhan semusim dari suku kenikir-kenikiran (Asteraceae) yang populer, baik sebagai tanaman hias maupun tanaman penghasil minyak. Bunga tumbuhan ini sangat khas: besar, biasanya berwarna kuning terang, dengan kepala bunga yang besar (diameter bisa mencapai 30 cm).[1] Bunga ini sebetulnya adalah bunga majemuk, tersusun dari ratusan hingga ribuan bunga kecil pada satu bongkol. Bunga Matahari juga memiliki perilaku khas, yaitu bunganya selalu menghadap / condong ke arah matahari atau heliotropisme. Orang Prancis menyebutnya tournesol atau ""pengelana Matahari"". Namun, sifat ini disingkirkan pada berbagai kultivar baru untuk produksi minyak karena memakan banyak energi dan mengurangi hasil.",bunga yang ada di teletabis
Sunflower,"Bunga matahari (Helianthus annuus L.) adalah tumbuhan semusim dari suku kenikir-kenikiran (Asteraceae) yang populer, baik sebagai tanaman hias maupun tanaman penghasil minyak. Bunga tumbuhan ini sangat khas: besar, biasanya berwarna kuning terang, dengan kepala bunga yang besar (diameter bisa mencapai 30 cm).[1] Bunga ini sebetulnya adalah bunga majemuk, tersusun dari ratusan hingga ribuan bunga kecil pada satu bongkol. Bunga Matahari juga memiliki perilaku khas, yaitu bunganya selalu menghadap / condong ke arah matahari atau heliotropisme. Orang Prancis menyebutnya tournesol atau ""pengelana Matahari"". Namun, sifat ini disingkirkan pada berbagai kultivar baru untuk produksi minyak karena memakan banyak energi dan mengurangi hasil.",bunga yang melambangkan cinta sejati
Sunflower,"Bunga matahari (Helianthus annuus L.) adalah tumbuhan semusim dari suku kenikir-kenikiran (Asteraceae) yang populer, baik sebagai tanaman hias maupun tanaman penghasil minyak. Bunga tumbuhan ini sangat khas: besar, biasanya berwarna kuning terang, dengan kepala bunga yang besar (diameter bisa mencapai 30 cm).[1] Bunga ini sebetulnya adalah bunga majemuk, tersusun dari ratusan hingga ribuan bunga kecil pada satu bongkol. Bunga Matahari juga memiliki perilaku khas, yaitu bunganya selalu menghadap / condong ke arah matahari atau heliotropisme. Orang Prancis menyebutnya tournesol atau ""pengelana Matahari"". Namun, sifat ini disingkirkan pada berbagai kultivar baru untuk produksi minyak karena memakan banyak energi dan mengurangi hasil.",bunga yang ukuran nya besar
Sunflower,"Bunga matahari (Helianthus annuus L.) adalah tumbuhan semusim dari suku kenikir-kenikiran (Asteraceae) yang populer, baik sebagai tanaman hias maupun tanaman penghasil minyak. Bunga tumbuhan ini sangat khas: besar, biasanya berwarna kuning terang, dengan kepala bunga yang besar (diameter bisa mencapai 30 cm).[1] Bunga ini sebetulnya adalah bunga majemuk, tersusun dari ratusan hingga ribuan bunga kecil pada satu bongkol. Bunga Matahari juga memiliki perilaku khas, yaitu bunganya selalu menghadap / condong ke arah matahari atau heliotropisme. Orang Prancis menyebutnya tournesol atau ""pengelana Matahari"". Namun, sifat ini disingkirkan pada berbagai kultivar baru untuk produksi minyak karena memakan banyak energi dan mengurangi hasil.",bunga yang pucuk nya warna coklat atau hitam